Volume (row quantity =1),milliliter (mL),liter (L),cubic meter (m3),cubic inch (in3),cubic foot (ft3),pint (pt),quart (qt),gallon (gal),barrel (bbl), teaspoon (tsp), tablespoon (tbsp), cup (c),fluid ounce (fl. oz)
milliliter (mL),1,0.001,0.000001,0.061023744094732,0.000035314666721489,0.0021133764188652,0.0010566882094326,0.00026417205235815,0.0000083864143605761,0.202884,0.067628,0.00416667,0.033814
liter (L),1000,1,0.001,61.023744094732,0.035314666721489,2.1133764188652,1.0566882094326,0.26417205235815,0.0083864143605761,202.884,67.628,4.16667,33.814
cubic meter (m3),1000000,1000,1,61023.744094732,35.314666721489,2113.3764188652,1056.6882094326,264.17205235815,8.3864143605761,202884,67628,4166.67,33814
cubic inch (in3),16.387064,0.016387064,0.000016387064,1,0.0005787037037037,0.034632034632035,0.017316017316017,0.0043290043290043,0.00013742870885728,3.32468,1.10823,0.0682794,0.554113
cubic foot (ft3),28316.846592,28.316846592,0.028316846592,1728,1,59.844155844156,29.922077922078,7.4805194805195,0.23747680890538,5745.04,1915.01,117.987,957.506
pint (pt),473.176473,0.473176473,0.000473176473,28.875,0.016710069444444,1,0.5,0.125,0.003968253968254,96,32,1.97157,16
quart (qt),946.352946,0.946352946,0.000946352946,57.75,0.033420138888889,2,1,0.25,0.0079365079365079,192,64,3.94314,32
gallon (gal),3785.411784,3.785411784,0.003785411784,231,0.13368055555556,8,4,1,0.031746031746032,768,256,15.7725,128
barrel (bbl),119240.471196,119.240471196,0.119240471196,7276.5,4.2109375,252,126,31.5,1,23848.09423292,10752.00382,504,5376
teaspoon (tsp),4.92892,0.00492892,0.0000049289,0.300781,0.000174063,0.0104197,0.00520833,0.00130208,0.000031002,1,0.333333,0.0205372,0.166667
tabelspoon (tbsp),14.7868,0.0147868,0.000014787,0.902344,0.00052219,0.03125,0.015625,0.00390625,0.000093006,3,1,0.0616115,0.5
cup (c),240,0.24,0.00024,14.6457,0.00847552,0.50721,0.253605,0.0634013,0.0014880952,48.6922,16.2307,1,8.11537
fluid ounce (fl. oz), 29.5735,0.0295735,0.000029574,1.80469,0.00104438,0.0625,0.03125,0.0078125,0.000186012,6,2,0.123223,1
